ans[7][1][0]=1.00000;
ans[7][2][0]=0.50000;
ans[7][2][1]=0.50000;
ans[7][3][0]=0.34415;
ans[7][3][1]=0.33482;
ans[7][3][2]=0.32103;
ans[7][4][0]=0.30454;
ans[7][4][1]=0.28404;
ans[7][4][2]=0.24595;
ans[7][4][3]=0.16547;
ans[7][5][0]=0.29576;
ans[7][5][1]=0.27210;
ans[7][5][2]=0.22728;
ans[7][5][3]=0.14349;
ans[7][5][4]=0.06138;
ans[7][6][0]=0.29461;
ans[7][6][1]=0.27053;
ans[7][6][2]=0.22483;
ans[7][6][3]=0.14082;
ans[7][6][4]=0.05818;
ans[7][6][5]=0.01103;
ans[7][7][0]=0.29456;
ans[7][7][1]=0.27045;
ans[7][7][2]=0.22471;
ans[7][7][3]=0.14069;
ans[7][7][4]=0.05804;
ans[7][7][5]=0.01095;
ans[7][7][6]=0.00061;
ans[7][8][0]=0.29454;
ans[7][8][1]=0.27044;
ans[7][8][2]=0.22468;
ans[7][8][3]=0.14066;
ans[7][8][4]=0.05801;
ans[7][8][5]=0.01093;
ans[7][8][6]=0.00061;
ans[7][8][7]=0.00013;
